epoch:0 0.0255  0.0799  0.0098  0.1644  0.0306  0.0277  0.0557  0.1201  0.1417  0.1600  0.0995  0.1536  1.5352  0.008000
epoch:1 0.0682  0.2065  0.0264  0.1634  0.0623  0.0721  0.1230  0.2228  0.2449  0.1600  0.1673  0.2598  0.8414  0.008000
epoch:2 0.1174  0.3157  0.0468  0.1020  0.0675  0.1207  0.1775  0.3056  0.3282  0.1000  0.2155  0.3396  0.7111  0.008000
epoch:3 0.1296  0.3574  0.0576  0.1842  0.0625  0.1342  0.2027  0.3413  0.3576  0.1800  0.2322  0.3688  0.6593  0.008000
epoch:4 0.1550  0.3615  0.1012  0.2446  0.0755  0.1601  0.2170  0.3606  0.3716  0.2400  0.2537  0.3814  0.6085  0.008000
epoch:5 0.1211  0.3118  0.0747  0.1426  0.1028  0.1240  0.1980  0.3498  0.3617  0.1400  0.2306  0.3761  0.5707  0.008000
epoch:6 0.1416  0.3837  0.0663  0.1228  0.0934  0.1456  0.2111  0.3441  0.3543  0.1200  0.2526  0.3654  0.5495  0.008000
epoch:7 0.1191  0.3184  0.0778  0.1634  0.1009  0.1231  0.1842  0.3334  0.3447  0.1600  0.2385  0.3575  0.5128  0.008000
epoch:8 0.1496  0.3698  0.1002  0.1426  0.0902  0.1536  0.2186  0.3581  0.3687  0.1400  0.2419  0.3822  0.4944  0.008000
epoch:9 0.1575  0.3635  0.1205  0.2040  0.1028  0.1615  0.2423  0.3628  0.3738  0.2000  0.2427  0.3860  0.4653  0.008000
epoch:10 0.1669  0.3877  0.1271  0.2040  0.0937  0.1733  0.2361  0.3649  0.3737  0.2000  0.2361  0.3868  0.4511  0.008000
epoch:11 0.1477  0.3590  0.0943  0.1842  0.0642  0.1552  0.2270  0.3533  0.3595  0.1800  0.2038  0.3755  0.4311  0.008000
epoch:12 0.1713  0.3745  0.1431  0.1228  0.0705  0.1773  0.2480  0.3633  0.3694  0.1200  0.2283  0.3815  0.4118  0.008000
epoch:13 0.1411  0.3374  0.0920  0.1832  0.0780  0.1466  0.2179  0.3277  0.3318  0.1800  0.2145  0.3432  0.4036  0.008000
epoch:14 0.1590  0.3656  0.1126  0.1426  0.0886  0.1636  0.2380  0.3503  0.3566  0.1400  0.2077  0.3705  0.3979  0.008000
epoch:15 0.1562  0.3733  0.1189  0.1228  0.0881  0.1611  0.2338  0.3496  0.3527  0.1200  0.1864  0.3695  0.3711  0.008000
epoch:16 0.1709  0.3902  0.1281  0.1634  0.0886  0.1779  0.2418  0.3480  0.3509  0.1600  0.1964  0.3657  0.3282  0.000800
epoch:17 0.1638  0.3921  0.1144  0.1426  0.0855  0.1704  0.2409  0.3464  0.3487  0.1400  0.2024  0.3621  0.3112  0.000800
epoch:18 0.1605  0.3720  0.1204  0.1436  0.0931  0.1661  0.2363  0.3441  0.3461  0.1400  0.2174  0.3576  0.3059  0.000800
epoch:19 0.1708  0.3923  0.1166  0.1436  0.0952  0.1762  0.2472  0.3483  0.3499  0.1400  0.2089  0.3627  0.3024  0.000800
epoch:20 0.1753  0.3970  0.1303  0.1436  0.0949  0.1806  0.2482  0.3594  0.3606  0.1400  0.2153  0.3729  0.2971  0.000800
epoch:21 0.1611  0.3798  0.1270  0.1634  0.0950  0.1664  0.2382  0.3457  0.3466  0.1600  0.2231  0.3571  0.2936  0.000800
epoch:22 0.1654  0.3904  0.1266  0.1634  0.0938  0.1708  0.2411  0.3451  0.3464  0.1600  0.2107  0.3586  0.2890  0.000080
epoch:23 0.1647  0.3900  0.1270  0.1634  0.0958  0.1700  0.2410  0.3446  0.3464  0.1600  0.2136  0.3586  0.2914  0.000080
epoch:24 0.1658  0.3872  0.1330  0.1634  0.0978  0.1708  0.2389  0.3514  0.3529  0.1600  0.2130  0.3655  0.2908  0.000080
epoch:25 0.1556  0.3704  0.1173  0.1634  0.0922  0.1610  0.2313  0.3406  0.3416  0.1600  0.2143  0.3534  0.2858  0.000080
