epoch:0 0.2768  0.5077  0.2708  0.2198  0.2301  0.2865  0.3242  0.5029  0.5141  0.2296  0.4077  0.5246  0.5842  0.008000
epoch:1 0.3107  0.5360  0.3177  0.2008  0.2441  0.3177  0.3487  0.5277  0.5366  0.2157  0.4374  0.5465  0.4698  0.008000
epoch:2 0.3197  0.5455  0.3321  0.2944  0.2431  0.3266  0.3562  0.5413  0.5497  0.3433  0.4598  0.5591  0.4408  0.008000
epoch:3 0.3267  0.5561  0.3336  0.2919  0.2486  0.3328  0.3638  0.5440  0.5519  0.3206  0.4535  0.5621  0.4250  0.008000
epoch:4 0.3290  0.5583  0.3370  0.2626  0.2764  0.3338  0.3591  0.5468  0.5561  0.2906  0.4653  0.5656  0.4113  0.008000
epoch:5 0.3370  0.5638  0.3548  0.3149  0.2694  0.3442  0.3694  0.5584  0.5653  0.3490  0.4680  0.5749  0.4012  0.008000
epoch:6 0.3380  0.5593  0.3588  0.2918  0.2889  0.3440  0.3735  0.5575  0.5645  0.3219  0.4681  0.5746  0.3926  0.008000
epoch:7 0.3432  0.5720  0.3574  0.2919  0.2686  0.3518  0.3793  0.5564  0.5629  0.3092  0.4649  0.5738  0.3847  0.008000
epoch:8 0.3621  0.5850  0.3811  0.3015  0.2869  0.3677  0.3866  0.5661  0.5723  0.3242  0.4645  0.5833  0.3799  0.008000
epoch:9 0.3560  0.5755  0.3728  0.2393  0.2906  0.3613  0.3894  0.5673  0.5733  0.2602  0.4672  0.5846  0.3740  0.008000
epoch:10 0.3490  0.5803  0.3603  0.3033  0.2812  0.3535  0.3792  0.5594  0.5657  0.3492  0.4676  0.5756  0.3703  0.008000
epoch:11 0.3550  0.5865  0.3657  0.3077  0.2881  0.3592  0.3863  0.5570  0.5635  0.3303  0.4667  0.5731  0.3665  0.008000
epoch:12 0.3550  0.5818  0.3752  0.3226  0.2708  0.3605  0.3867  0.5573  0.5627  0.3451  0.4591  0.5733  0.3623  0.008000
epoch:13 0.3647  0.5853  0.3883  0.3336  0.2637  0.3726  0.3975  0.5693  0.5742  0.3667  0.4716  0.5851  0.3589  0.008000
epoch:14 0.3664  0.5970  0.3884  0.3495  0.2868  0.3724  0.3954  0.5679  0.5734  0.3758  0.4657  0.5844  0.3551  0.008000
epoch:15 0.3564  0.5792  0.3710  0.2922  0.2967  0.3597  0.3866  0.5644  0.5700  0.3048  0.4599  0.5809  0.3526  0.008000
epoch:16 0.3965  0.6109  0.4210  0.3611  0.3142  0.4031  0.4263  0.5894  0.5927  0.3738  0.4768  0.6048  0.2994  0.000800
epoch:17 0.3995  0.6126  0.4256  0.3569  0.3199  0.4063  0.4294  0.5864  0.5895  0.3680  0.4722  0.6018  0.2849  0.000800
epoch:18 0.3994  0.6129  0.4241  0.3414  0.3174  0.4058  0.4271  0.5866  0.5897  0.3496  0.4757  0.6014  0.2773  0.000800
epoch:19 0.4011  0.6144  0.4282  0.3521  0.3130  0.4088  0.4306  0.5846  0.5870  0.3634  0.4712  0.5989  0.2710  0.000800
epoch:20 0.4013  0.6108  0.4287  0.3436  0.3191  0.4083  0.4334  0.5883  0.5907  0.3591  0.4744  0.6027  0.2654  0.000800
epoch:21 0.4030  0.6122  0.4317  0.3345  0.3182  0.4098  0.4343  0.5857  0.5876  0.3481  0.4660  0.6000  0.2606  0.000800
epoch:22 0.4036  0.6132  0.4315  0.3412  0.3159  0.4107  0.4343  0.5833  0.5851  0.3560  0.4652  0.5972  0.2509  0.000080
epoch:23 0.4048  0.6150  0.4315  0.3370  0.3140  0.4125  0.4351  0.5829  0.5847  0.3536  0.4657  0.5968  0.2486  0.000080
epoch:24 0.4040  0.6129  0.4308  0.3446  0.3169  0.4108  0.4337  0.5824  0.5842  0.3638  0.4668  0.5960  0.2477  0.000080
epoch:25 0.4028  0.6107  0.4312  0.3291  0.3161  0.4099  0.4331  0.5823  0.5839  0.3451  0.4657  0.5960  0.2468  0.000080
