epoch:0 0.5821  0.7867  0.6540  0.1893  0.4362  0.5941  0.5525  0.7673  0.7834  0.3528  0.7079  0.7893  0.5842  0.008000
epoch:1 0.6317  0.8103  0.7093  0.2861  0.4963  0.6420  0.5813  0.7963  0.8087  0.3654  0.7549  0.8126  0.4698  0.008000
epoch:2 0.6321  0.8152  0.7123  0.3981  0.5027  0.6421  0.5826  0.8015  0.8136  0.4603  0.7528  0.8190  0.4408  0.008000
epoch:3 0.6449  0.8228  0.7236  0.3567  0.5259  0.6538  0.5911  0.8061  0.8165  0.4701  0.7695  0.8194  0.4250  0.008000
epoch:4 0.6539  0.8301  0.7280  0.3286  0.5202  0.6637  0.5922  0.8067  0.8180  0.4606  0.7676  0.8212  0.4113  0.008000
epoch:5 0.6689  0.8366  0.7471  0.4584  0.5471  0.6774  0.6021  0.8185  0.8273  0.5164  0.7799  0.8300  0.4012  0.008000
epoch:6 0.6627  0.8385  0.7422  0.4199  0.5437  0.6711  0.5945  0.8089  0.8185  0.4743  0.7627  0.8229  0.3926  0.008000
epoch:7 0.6680  0.8448  0.7542  0.4507  0.5556  0.6767  0.5958  0.8101  0.8189  0.5009  0.7584  0.8247  0.3847  0.008000
epoch:8 0.6751  0.8476  0.7480  0.4249  0.5596  0.6832  0.6015  0.8162  0.8248  0.4743  0.7688  0.8286  0.3799  0.008000
epoch:9 0.6730  0.8468  0.7494  0.2912  0.5567  0.6815  0.5992  0.8134  0.8215  0.3913  0.7694  0.8252  0.3740  0.008000
epoch:10 0.6792  0.8469  0.7549  0.3182  0.5509  0.6892  0.6033  0.8172  0.8259  0.5032  0.7696  0.8298  0.3703  0.008000
epoch:11 0.6759  0.8446  0.7512  0.4470  0.5567  0.6844  0.6025  0.8138  0.8219  0.5005  0.7671  0.8257  0.3665  0.008000
epoch:12 0.6828  0.8491  0.7582  0.4495  0.5728  0.6903  0.6040  0.8167  0.8239  0.5178  0.7701  0.8273  0.3623  0.008000
epoch:13 0.6810  0.8477  0.7561  0.4752  0.5720  0.6895  0.6058  0.8217  0.8286  0.5417  0.7740  0.8328  0.3589  0.008000
epoch:14 0.6787  0.8531  0.7549  0.4172  0.5612  0.6877  0.6028  0.8115  0.8183  0.5107  0.7551  0.8231  0.3551  0.008000
epoch:15 0.6790  0.8508  0.7542  0.3218  0.5550  0.6911  0.6011  0.8117  0.8188  0.4207  0.7581  0.8233  0.3526  0.008000
epoch:16 0.7167  0.8747  0.7922  0.4529  0.6033  0.7257  0.6209  0.8298  0.8343  0.5026  0.7688  0.8398  0.2994  0.000800
epoch:17 0.7175  0.8753  0.7943  0.4613  0.6019  0.7267  0.6214  0.8259  0.8299  0.4959  0.7582  0.8362  0.2849  0.000800
epoch:18 0.7176  0.8774  0.7917  0.4420  0.6032  0.7270  0.6212  0.8256  0.8297  0.5022  0.7620  0.8353  0.2773  0.000800
epoch:19 0.7196  0.8771  0.7952  0.4611  0.6050  0.7285  0.6218  0.8235  0.8267  0.5068  0.7533  0.8331  0.2710  0.000800
epoch:20 0.7208  0.8775  0.7965  0.4610  0.6041  0.7297  0.6232  0.8256  0.8289  0.4995  0.7549  0.8352  0.2654  0.000800
epoch:21 0.7219  0.8793  0.7986  0.4436  0.6054  0.7306  0.6230  0.8220  0.8247  0.4898  0.7491  0.8311  0.2606  0.000800
epoch:22 0.7213  0.8769  0.7972  0.4636  0.6062  0.7302  0.6230  0.8207  0.8231  0.4991  0.7473  0.8293  0.2509  0.000080
epoch:23 0.7211  0.8774  0.7942  0.4550  0.6082  0.7295  0.6232  0.8196  0.8221  0.4917  0.7459  0.8284  0.2486  0.000080
epoch:24 0.7199  0.8771  0.7928  0.4613  0.6056  0.7286  0.6228  0.8190  0.8213  0.4999  0.7458  0.8276  0.2477  0.000080
epoch:25 0.7208  0.8766  0.7932  0.4379  0.6064  0.7296  0.6230  0.8188  0.8212  0.4732  0.7444  0.8278  0.2468  0.000080
