epoch:0 0.0780  0.2118  0.0346  0.0113  0.0524  0.0880  0.1146  0.2449  0.2756  0.0600  0.3028  0.2862  1.5352  0.008000
epoch:1 0.2465  0.4647  0.2387  0.1735  0.1890  0.2620  0.2926  0.4807  0.5053  0.3000  0.4975  0.5177  0.8414  0.008000
epoch:2 0.3150  0.5636  0.3166  0.0248  0.2012  0.3297  0.3715  0.5610  0.5886  0.0400  0.5109  0.5971  0.7111  0.008000
epoch:3 0.3955  0.6203  0.4406  0.1146  0.2655  0.4118  0.4412  0.6414  0.6680  0.1600  0.5788  0.6801  0.6593  0.008000
epoch:4 0.4312  0.6561  0.4788  0.2700  0.2766  0.4462  0.4518  0.6506  0.6670  0.4600  0.5674  0.6759  0.6085  0.008000
epoch:5 0.3697  0.5890  0.4102  0.1589  0.2828  0.3849  0.4232  0.6145  0.6328  0.2400  0.5524  0.6458  0.5707  0.008000
epoch:6 0.4434  0.6914  0.4867  0.2455  0.2794  0.4620  0.4665  0.6607  0.6766  0.4000  0.5569  0.6903  0.5495  0.008000
epoch:7 0.4055  0.6300  0.4406  0.1375  0.2749  0.4259  0.4314  0.6411  0.6607  0.3200  0.5503  0.6766  0.5128  0.008000
epoch:8 0.4249  0.6612  0.4774  0.1097  0.2868  0.4452  0.4492  0.6553  0.6722  0.3800  0.5653  0.6857  0.4944  0.008000
epoch:9 0.4295  0.6585  0.4866  0.1053  0.2787  0.4520  0.4639  0.6522  0.6698  0.3400  0.5598  0.6827  0.4653  0.008000
epoch:10 0.4197  0.6569  0.4621  0.1374  0.2644  0.4433  0.4498  0.6444  0.6585  0.4200  0.5543  0.6709  0.4511  0.008000
epoch:11 0.4386  0.6671  0.4770  0.1231  0.2576  0.4616  0.4619  0.6525  0.6638  0.3800  0.4935  0.6844  0.4311  0.008000
epoch:12 0.4193  0.6575  0.4637  0.1254  0.2605  0.4414  0.4457  0.6317  0.6419  0.4000  0.5184  0.6566  0.4118  0.008000
epoch:13 0.4100  0.6319  0.4406  0.1254  0.2388  0.4362  0.4510  0.6304  0.6390  0.4000  0.4852  0.6554  0.4036  0.008000
epoch:14 0.4106  0.6348  0.4482  0.1231  0.2554  0.4362  0.4415  0.6190  0.6279  0.3800  0.5194  0.6418  0.3979  0.008000
epoch:15 0.4184  0.6540  0.4578  0.1499  0.2887  0.4367  0.4526  0.6313  0.6376  0.4600  0.4791  0.6572  0.3711  0.008000
epoch:16 0.4431  0.6650  0.4957  0.1432  0.2902  0.4662  0.4628  0.6436  0.6491  0.4400  0.5152  0.6646  0.3282  0.000800
epoch:17 0.4523  0.6698  0.5082  0.1432  0.2984  0.4757  0.4699  0.6512  0.6561  0.4400  0.5250  0.6697  0.3112  0.000800
epoch:18 0.4486  0.6656  0.4934  0.1432  0.3004  0.4699  0.4638  0.6454  0.6498  0.4400  0.5230  0.6638  0.3059  0.000800
epoch:19 0.4517  0.6677  0.4916  0.1432  0.2953  0.4747  0.4684  0.6493  0.6542  0.4400  0.5194  0.6694  0.3024  0.000800
epoch:20 0.4529  0.6648  0.4964  0.1432  0.2966  0.4761  0.4729  0.6516  0.6557  0.4400  0.5203  0.6705  0.2971  0.000800
epoch:21 0.4471  0.6576  0.4923  0.1432  0.2948  0.4713  0.4677  0.6522  0.6549  0.4400  0.5172  0.6690  0.2936  0.000800
epoch:22 0.4532  0.6602  0.4999  0.1432  0.2910  0.4779  0.4681  0.6510  0.6549  0.4400  0.5156  0.6688  0.2890  0.000080
epoch:23 0.4469  0.6644  0.4897  0.1611  0.2897  0.4710  0.4659  0.6413  0.6443  0.4800  0.5049  0.6596  0.2914  0.000080
epoch:24 0.4439  0.6573  0.4925  0.1432  0.2875  0.4683  0.4650  0.6488  0.6529  0.4400  0.5073  0.6690  0.2908  0.000080
epoch:25 0.4423  0.6556  0.4884  0.1432  0.2926  0.4657  0.4639  0.6410  0.6440  0.4400  0.5106  0.6590  0.2858  0.000080
